2118	22229	109392	0205042	pdf		
2118	22242	110087	0205042	pdf		
2118	22472	027025	0205042	pdf		
2118	22649	105341	0205042	pdf		
2120	40527	018998	0205042	pdf		
2122	60633	019374	0205042	pdf		
2122	61713	100010	1004144	pdf		
2122	61989	107395	1020358	pdf		
2122	61993	107710	1020358	pdf		
2122	62390	112140	1020358	pdf		
2124	70008	017102	1020358	pdf		
2124	70408	027389	1020358	pdf		
2124	71142	021028	1020358	pdf		
2118	21686	029327	1111471	pdf		
2118	22015	103914	1111471	pdf		
2118	22292	110787	1111471	pdf		
2120	41424	026990	1111471	pdf		
2120	42137	110786	1111471	pdf		
2120	42188	112086	1111471	pdf		
2122	62042	108651	1111471	pdf		
2122	62044	108651	1111471	pdf		
2118	20953	020751	1121575	pdf		
2118	20954	020751	1121575	pdf		
2118	20958	020775	1121575	pdf		
2118	20961	020775	1121575	pdf		
2118	22083	106160	1121575	pdf		
2118	22084	106160	1121575	pdf		
2120	40618	019660	1121575	pdf		
2120	40623	019660	1121575	pdf		
2120	40895	020749	1121575	pdf		
2120	40901	020749	1121575	pdf		
2120	40902	020767	1121575	pdf		
2120	40903	020767	1121575	pdf		
2122	60973	020798	1121575	pdf		
2122	62167	111445	1121575	pdf		
2122	62573	020772	1121575	pdf		
2122	62578	020772	1121575	pdf		
2120	40449	018060	1124988	pdf		
2120	40581	019442	1124988	pdf		
2120	40583	019445	1124988	pdf		
2120	42333	112136	1124988	pdf		
2120	42335	112136	1124988	pdf		
2120	42443	018060	1124988	pdf		
2118	20600	019040	1132019	pdf		
2118	21350	026311	1132019	pdf		
2118	21352	026311	1132019	pdf		
2118	21740	101120	1132019	pdf		
2120	40555	019041	1132019	pdf		
2120	41748	101134	1132019	pdf		
2120	41861	103904	1132019	pdf		
2122	61901	104636	1132019	pdf		
2122	61902	104637	1132019	pdf		
2122	62376	112793	1132019	pdf		
2122	62465	112845	1132019	pdf		
2120	41265	025918	1133204	pdf		
2120	41441	027044	1133204	pdf		
2120	41445	027044	1133204	pdf		
2120	42352	105535	1133204	pdf		
2120	42413	112665	1133204	pdf		
2120	42415	112665	1133204	pdf		
2122	61713	100010	1133204	pdf		
2122	61898	104594	1133204	pdf		
2122	62603	112987	1133204	pdf		
2120	40953	020957	1134879	pdf		
2120	41029	022482	1134879	pdf		
2120	41030	022482	1134879	pdf		
2118	21534	027629	1136537	pdf		
2118	21553	027730	1136537	pdf		
2118	22439	112034	1136537	pdf		
2118	22477	112066	1136537	pdf		
2118	22785	027629	1136537	pdf		
2120	41500	027493	1136537	pdf		
2120	41504	027493	1136537	pdf		
2120	41521	027582	1136537	pdf		
2120	41524	027610	1136537	pdf		
2120	41526	027610	1136537	pdf		
2120	37044	027249	1139066	pdf		
2118	20244	017359	1142259	pdf		
2118	20250	017359	1142259	pdf		
2118	21553	027730	1143209	pdf		
2118	21157	025130	1144090	pdf		
2118	21466	027389	1144090	pdf		
2118	21473	027389	1144090	pdf		
2118	22367	024798	1144090	pdf		
2120	40806	020034	1144090	pdf		
2120	41053	022879	1144090	pdf		
2120	41054	022879	1144090	pdf		
2120	42040	109075	1144090	pdf		
2120	42041	109075	1144090	pdf		
2120	42206	112175	1144090	pdf		
2122	61025	021178	1144090	pdf		
2122	61026	021178	1144090	pdf		
2122	61644	028365	1144090	pdf		
2122	61645	028369	1144090	pdf		
2120	40254	017430	1144260	pdf		
2120	40257	017433	1144260	pdf		
2118	21231	025315	1144905	pdf		
2120	40631	019668	1144905	pdf		
2122	60998	020982	1146094	pdf		
2120	40958	021037	1149967	pdf		
2120	41958	107078	1149967	pdf		
2120	42194	112091	1149967	pdf		
2122	60562	018851	1149967	pdf		
2122	60994	020974	1149967	pdf		
2122	62141	110693	1149967	pdf		
2122	62144	110693	1149967	pdf		
2122	62518	020974	1149967	pdf		
2118	20120	016023	1150305	pdf		
2118	20123	016023	1150305	pdf		
2118	21615	028190	1150305	pdf		
2118	21620	028190	1150305	pdf		
2118	22243	110242	1150305	pdf		
2120	41132	025098	1150305	pdf		
2120	41133	025098	1150305	pdf		
2120	41593	028180	1150305	pdf		
2120	41594	028180	1150305	pdf		
2120	41630	028329	1150305	pdf		
2122	61535	027448	1150305	pdf		
2122	61539	027448	1150305	pdf		
2122	61760	101839	1150305	pdf		
2122	61949	106104	1150305	pdf		
2122	62480	026693	1150305	pdf		
2118	20125	016046	1155356	pdf		
2118	20131	016089	1155356	pdf		
2120	40075	015885	1161681	pdf		
2120	42040	109075	1161681	pdf		
2122	61432	026975	1161681	pdf		
2122	61436	026975	1161681	pdf		
2122	61726	100851	1161681	pdf		
2122	62571	112950	1161681	pdf		
2120	41524	027610	1162729	pdf		
2120	41956	106761	1162729	pdf		
2120	42008	108304	1162729	pdf		
2118	21035	021388	1164449	pdf		
2118	21036	021388	1164449	pdf		
2118	21766	102147	1164449	pdf		
2118	22412	111980	1164449	pdf		
2120	41000	021389	1164449	pdf		
2120	41001	021389	1164449	pdf		
2120	41926	106092	1164449	pdf		
2120	42136	110744	1164449	pdf		
2120	42189	112087	1164449	pdf		
2120	42405	112087	1164449	pdf		
2122	60297	017292	1164449	pdf		
2122	60299	017310	1164449	pdf		
2122	61302	025920	1164449	pdf		
2122	61719	100335	1164449	pdf		
2122	62517	025920	1164449	pdf		
2120	40248	017393	1165039	pdf		
2120	41991	107937	1165039	pdf		
2122	62562	112949	1165039	pdf		
2118	21100	022887	1167162	pdf		
2118	21103	022887	1167162	pdf		
2118	21456	027184	1167162	pdf		
2118	21505	027450	1167162	pdf		
2118	21507	027450	1167162	pdf		
2118	22705	019045	1167162	pdf		
2118	22802	019045	1167162	pdf		
2122	60651	019408	1167162	pdf		
2122	60652	019408	1167162	pdf		
2122	61552	027593	1167162	pdf		
2122	61713	100010	1167162	pdf		
2122	61714	100280	1167162	pdf		
2122	61716	100280	1167162	pdf		
2122	62732	027593	1167162	pdf		
2122	62055	108695	1168599	pdf		
2122	60312	017359	1186599	pdf		
2122	62061	108796	1186599	pdf		
2120	40096	015949	1189807	pdf		
2120	40118	016126	1189807	pdf		
2120	42012	108366	1189807	pdf		
2122	60198	015946	1189807	pdf		
2122	60201	015946	1189807	pdf		
2122	60204	016030	1189807	pdf		
2122	60640	019383	1189807	pdf		
2122	60641	019383	1189807	pdf		
2122	61672	028841	1191654	pdf		
2118	20213	017254	1196592	pdf		
2118	20365	017945	1196592	pdf		
2118	20368	017945	1196592	pdf		
2118	20422	018003	1196592	pdf		
2118	20424	018003	1196592	pdf		
2120	40326	017948	1196592	pdf		
2120	41162	025271	1196592	pdf		
2120	41494	027404	1196592	pdf		
2122	60423	017948	1196592	pdf		
2122	61386	026753	1196592	pdf		
2122	61389	026759	1196592	pdf		
2122	61507	027397	1196592	pdf		
2122	61512	027397	1196592	pdf		
2118	20530	018855	1197086	pdf		
2118	20588	019020	1197086	pdf		
2118	20979	020852	1197086	pdf		
2118	21720	100941	1197086	pdf		
2118	20113	015914	1199351	pdf		
2118	20114	015939	1199351	pdf		
2118	20124	016031	1199351	pdf		
2118	22530	015943	1199351	pdf		
2120	40105	016009	1199351	pdf		
2120	42146	111429	1199351	pdf		
2120	42388	112660	1199351	pdf		
2122	60198	015946	1199351	pdf		
2122	60199	015946	1199351	pdf		
2122	60203	015988	1199351	pdf		
2122	60246	017102	1199351	pdf		
2122	60247	017102	1199351	pdf		
2118	20527	018851	1204214	pdf		
2118	22189	108932	1204214	pdf		
2122	61904	104638	1204214	pdf		
2118	20919	020550	1213315	pdf		
2118	21708	100453	1213315	pdf		
2118	22168	107983	1213315	pdf		
2118	22404	020550	1213315	pdf		
2118	21305	025909	1214682	pdf		
2118	22466	020784	1214682	pdf		
2122	60312	017359	1215712	pdf		
2122	60319	017369	1215712	pdf		
2122	60322	017374	1215712	pdf		
2118	20170	016588	1218247	pdf		
2118	21527	027606	1218247	pdf		
2118	21528	027606	1218247	pdf		
2120	41506	027507	1218247	pdf		
2120	41507	027507	1218247	pdf		
2120	41717	100335	1218247	pdf		
2120	42332	027728	1218247	pdf		
2122	61543	027513	1218247	pdf		
2122	61544	027513	1218247	pdf		
2122	61719	100335	1218247	pdf		
2120	40487	018400	1218684	pdf		
2120	40493	018668	1218684	pdf		
2120	41723	100707	1218684	pdf		
2122	60909	020325	1218684	pdf		
2122	60910	020325	1218684	pdf		
2122	61638	028275	1218684	pdf		
2122	61640	028275	1218684	pdf		
2122	61904	104638	1218684	pdf		
2120	40177	017138	1219096	pdf		
2120	41921	106071	1219096	pdf		
2122	60255	017134	1219096	pdf		
2122	60677	019522	1219096	pdf		
2122	61947	106076	1219096	pdf		
2118	20125	016046	1219194	pdf		
2118	21624	028203	1219194	pdf		
2118	21626	028243	1219194	pdf		
2118	22203	109069	1219194	pdf		
2120	40489	018507	1219194	pdf		
2120	40490	018507	1219194	pdf		
2120	41528	027660	1219194	pdf		
2120	41602	028191	1219194	pdf		
2120	41604	028191	1219194	pdf		
2120	42051	109214	1219194	pdf		
2120	42052	109214	1219194	pdf		
2120	42487	027660	1219194	pdf		
2122	60300	017311	1219194	pdf		
2122	60554	018526	1219194	pdf		
2122	60556	018526	1219194	pdf		
2122	61559	027661	1219194	pdf		
2122	61560	027661	1219194	pdf		
2122	61643	028351	1219194	pdf		
2118	20191	017252	1220572	pdf		
2118	20192	017252	1220572	pdf		
2118	20588	019020	1220572	pdf		
2118	20592	019020	1220572	pdf		
2118	21255	025325	1220572	pdf		
2118	21380	026753	1220572	pdf		
2118	21395	026759	1220572	pdf		
2118	21396	026759	1220572	pdf		
2120	40383	018012	1220572	pdf		
2120	40390	018012	1220572	pdf		
2120	40409	018014	1220572	pdf		
2120	40415	018014	1220572	pdf		
2120	41196	025319	1220572	pdf		
2120	41200	025319	1220572	pdf		
2120	41206	025325	1220572	pdf		
2120	41209	025325	1220572	pdf		
2122	60407	017915	1220572	pdf		
2122	60408	017915	1220572	pdf		
2122	60901	020278	1220572	pdf		
2122	61244	025326	1220572	pdf		
2122	61246	025326	1220572	pdf		
2124	70193	019653	1220572	pdf		
2124	70339	025328	1220572	pdf		
2124	70574	017341	1220572	pdf		
2118	20582	019007	1222897	pdf		
2118	20584	019007	1222897	pdf		
2118	20882	020278	1222897	pdf		
2118	21259	025326	1222897	pdf		
2118	21260	025326	1222897	pdf		
2118	21265	025343	1222897	pdf		
2118	21269	025343	1222897	pdf		
2118	21624	028203	1224284	pdf		
2118	21755	101726	1224284	pdf		
2118	22056	105975	1224284	pdf		
2120	41593	028180	1224284	pdf		
2120	41594	028180	1224284	pdf		
2120	41602	028191	1224284	pdf		
2120	41605	028191	1224284	pdf		
2122	61643	028351	1224284	pdf		
2122	61644	028365	1224284	pdf		
2122	61933	105343	1224284	pdf		
2118	20191	017252	1230899	pdf		
2118	20195	017252	1230899	pdf		
2118	20440	018012	1230899	pdf		
2118	20445	018012	1230899	pdf		
2118	20455	018014	1230899	pdf		
2118	20456	018014	1230899	pdf		
2118	21301	025833	1230899	pdf		
2118	22775	018014	1230899	pdf		
2120	40199	017253	1230899	pdf		
2122	61208	025274	1230899	pdf		
2122	61212	025274	1230899	pdf		
2122	61954	106131	1230899	pdf		
2122	61962	106131	1230899	pdf		
2122	62124	110640	1230899	pdf		
2122	62139	110640	1230899	pdf		
2122	62461	017328	1230899	pdf		
2118	21505	027450	1230954	pdf		
2118	21510	027450	1230954	pdf		
2122	60300	017311	1231566	pdf		
2122	61507	027397	1231566	pdf		
2118	20213	017254	1235053	pdf		
2118	21888	102556	1235053	pdf		
2118	20588	019020	1235392	pdf		
2118	20946	020748	1235392	pdf		
2118	21720	100941	1235392	pdf		
2120	33514	020092	1235392	pdf		
2120	41861	103904	1235392	pdf		
2120	42315	106411	1235392	pdf		
2120	42316	106411	1235392	pdf		
2120	42416	019083	1235392	pdf		
2122	60617	019027	1235392	pdf		
2122	60620	019027	1235392	pdf		
2122	61002	021038	1235392	pdf		
2122	62470	112846	1235392	pdf		
2122	62471	112846	1235392	pdf		
2118	21515	027535	1237178	pdf		
2118	21520	027535	1237178	pdf		
2118	21545	027720	1237178	pdf		
2118	21546	027720	1237178	pdf		
2122	61555	027601	1237178	pdf		
2122	61714	100280	1237178	pdf		
2122	60298	017304	1238321	pdf		
2122	61232	025321	1238321	pdf		
2122	61235	025321	1238321	pdf		
2122	61387	026755	1238321	pdf		
2122	61399	026760	1238321	pdf		
2122	62478	020982	1238321	pdf		
2118	20680	019668	1240098	pdf		
2118	20795	019788	1240098	pdf		
2118	20796	019788	1240098	pdf		
2120	41407	026977	1241849	pdf		
2120	41408	026977	1241849	pdf		
2120	41431	026999	1241849	pdf		
2120	42353	027130	1241849	pdf		
2122	61088	022868	1241849	pdf		
2122	61437	026975	1241849	pdf		
2122	61438	026975	1241849	pdf		
2122	61449	026989	1241849	pdf		
2122	61452	026989	1241849	pdf		
2122	60297	017292	1245121	pdf		
2122	60995	020982	1245121	pdf		
2122	62158	111374	1245121	pdf		
2120	40848	020270	1248014	pdf		
2120	40849	020270	1248014	pdf		
2120	42263	017945	1248014	pdf		
2120	42271	017945	1248014	pdf		
2122	60436	017952	1248014	pdf		
2122	60438	017952	1248014	pdf		
2122	61507	027397	1248014	pdf		
2122	61508	027397	1248014	pdf		
2122	61525	027410	1248014	pdf		
2122	61529	027410	1248014	pdf		
2118	20667	019660	1251062	pdf		
2118	20673	019660	1251062	pdf		
2118	20707	019671	1251062	pdf		
2118	20710	019671	1251062	pdf		
2118	20979	020852	1251062	pdf		
2118	21581	028107	1251062	pdf		
2118	21584	028107	1251062	pdf		
2120	42276	018851	1251062	pdf		
2122	60811	019747	1251062	pdf		
2120	41774	102565	1252450	pdf		
2118	21249	025319	1253207	pdf		
2118	21367	026743	1253207	pdf		
2118	20097	015878	1253234	pdf		
2118	20105	015878	1253234	pdf		
2118	21505	027450	1253234	pdf		
2118	21507	027450	1253234	pdf		
2120	40075	015885	1253234	pdf		
2120	40087	015885	1253234	pdf		
2120	40841	020269	1253234	pdf		
2120	40847	020269	1253234	pdf		
2120	41656	028653	1253234	pdf		
2122	61345	026311	1253234	pdf		
2118	21015	021167	1260105	pdf		
2118	21019	021167	1260105	pdf		
2118	21970	102649	1260105	pdf		
2118	22709	110800	1260105	pdf		
2120	40989	021208	1260105	pdf		
2120	40993	021208	1260105	pdf		
2120	41460	027389	1260105	pdf		
2120	41461	027389	1260105	pdf		
2120	42422	025250	1260105	pdf		
2120	42424	025250	1260105	pdf		
2118	20440	018012	1262856	pdf		
2118	20443	018012	1262856	pdf		
2118	20455	018014	1262856	pdf		
2118	20464	018014	1262856	pdf		
2118	21317	026238	1262856	pdf		
2118	21318	026238	1262856	pdf		
2122	61386	026753	1266731	pdf		
2118	21782	102496	1269504	pdf		
2122	60172	015752	1269504	pdf		
2120	40220	017304	1279007	pdf		
2120	42012	108366	1279007	pdf		
2120	41180	025315	1279185	pdf		
2120	41185	025315	1279185	pdf		
2118	19652	022280	1288282	pdf		
2118	21594	028115	1288282	pdf		
2118	21600	028115	1288282	pdf		
2118	22037	104638	1288282	pdf		
2118	22450	028428	1288282	pdf		
2120	41593	028180	1288282	pdf		
2120	41594	028180	1288282	pdf		
2120	41602	028191	1288282	pdf		
2120	41605	028191	1288282	pdf		
2120	41625	028325	1288282	pdf		
2120	41627	028325	1288282	pdf		
2122	61623	028181	1288282	pdf		
2122	61627	028181	1288282	pdf		
2122	61949	106104	1288282	pdf		
2122	61974	106317	1288282	pdf		
2120	41003	021422	1289982	pdf		
2120	41693	029197	1289982	pdf		
2120	41694	029197	1289982	pdf		
2120	42107	110048	1289982	pdf		
2122	60695	019653	1292243	pdf		
2122	60696	019653	1292243	pdf		
2122	60708	019660	1292243	pdf		
2122	60717	019660	1292243	pdf		
2122	61623	028181	1292243	pdf		
2122	61628	028181	1292243	pdf		
2118	21594	028115	1294631	pdf		
2118	21615	028190	1294631	pdf		
2120	41602	028191	1294631	pdf		
2120	41603	028191	1294631	pdf		
2120	41631	028346	1294631	pdf		
2120	41946	106318	1294631	pdf		
2122	56653	026543	1294631	pdf		
2122	61338	026308	1294631	pdf		
2122	61341	026308	1294631	pdf		
2122	61361	026368	1294631	pdf		
2122	61364	026368	1294631	pdf		
